    indicatorerrors = [0.921108, 0.421345, 0.201079, 0.0993786, 0.0496375, 0.0248401]
    EnergyErrors = [0.821484, 0.401488, 0.199506, 0.0995961, 0.0497784, 0.0248868]
    NumberOfIntervals = [4, 7, 13, 25, 49, 97]