 L2Errors = [0.0983185, 0.0235446, 0.00887264, 0.00417805, 0.00205842, 0.00106352, 0.000535463, 0.000268746, 0.000134461, 6.73857e-005]
    H1Errors = [0.336075, 0.0940478, 0.0517846, 0.0271191, 0.0136201, 0.00703131, 0.00353447, 0.00177175, 0.000885892, 0.000443759]
    NumberOfIntervals = [4, 7, 13, 25, 49, 97, 193, 385, 769, 1537]5842, 0.00106352